 0  50  1
 0  20  2
 0  55  3
 0  73  4
 0  12  5
 0  60  6
 1  27  7
 1  37  8
 1  39  9
 1  72  10
 1  91  1
 1  28  2
 2  34  3
 2  25  4
 2  73  5
 2  90  6
 2  74  7
 2  78  8
 3  99  9
 3  68  10
 3  5   1
 3  56  2 
 3  30  3 
 3  63  4 
 4  82  5 
 4  99  6 
 4  40  7 
 4  74  8 
 4  18  9 
 4  94  10 
 5  32   1
 5  97   2
 5  21   3
 5  14   4
 5  31   5
 6  18   6
 6  54   7
 6  86   8
 6  59   9
 6  29   10
 6  62   1
 7  17   2
 7  34   3
 7  86   4
 7  43   5
 7  44   6
 7  94   7
 8  18   8
 8  84   9
 8  39   10
 8  73   1
 8  62   2
 8  47   3
 9  36   4
 9  24   5
 9  58   6
 9  44   7
 9  45   8
 9  47   9
 10  20  10 
 10  38   1
 10  71   2
 10  44   3
 10  46   4
 10  15   5
 11  16   6
 11  49   7
 11  99   8
 11  39   9
 11  41   10
 11  71   1
 12  70   2
 12  72   3
 12  57   4
 12  90   5
 12  47   6
 13  83   7
 13  70   8
 13  23   9
 13  42   10
 13  63   1
 13  31   2
 14  82   3
 14  84   4
 14  74   5
 14  43   6
 14  66   7
 15  80   8
 15  90   9
 15  89   10
 15  74   1
 15  45   2
 16  33   3
 16  70   4
 16  23   5
 16  90   6
 16  77   7
 17  19   8
 17  99   9
 17  25   10
 17  93   1
 17  31   2
 18  64   3
 18  33   4
 18  36   5
 19  35   6
 19  73   7
 19  89   8
 19  94   9
 19  79   10
 20  74   1
 20  60   2
 20  45   3
 20  30   4
 21  64   5
 21  36   6
 21  54   7
 21  55   8
 21  75   9
 22  65   10
 22  99   1
 22  85   2
 22  24   3
 22  46   4
 22  37   5
 23  55   6
 23  73   7
 23  76   8
 23  47   9
 24  70   10
 24  41   1
 24  59   2
 24  55   3
 25  66   4
 25  38   5
 25  26   6
 25  63   7
 26  32   8
 26  98   9
 26  35   10
 26  73   1
 26  87   2
 27  32   3
 27  97   4
 27  54   5
 27  89   6
 27  39   7
 28  98   8
 28  83   9
 28  86   10
 28  93   1
 28  77   2
 29  48   3
 29  84   4
 29  56   5
 29  93   6
 29  94   7
 30  82   8
 30  85   9
 30  72   10
 30  45   1
 31  88   2
 31  90   3
 31  61   4
 32  52   5
 32  39   6
 32  78   7
 33  64   8
 33  65   9
 33  67   10
 33  79   1
 34  51   2
 34  53   3
 34  76   4
 34  94   5
 35  42   6
 35  50   7
 35  38   8
 35  61   9
 36  53   10
 36  57   1
 36  91   2
 37  84   3
 37  72   4
 37  77   5
 37  61   6
 38  81   7
 38  49   8
 38  91   9
 39  51   10
 40  66   1
 40  75   2
 40  91   3
 40  92   4
 40  50   5
 41  96   6
 41  67   7
 41  99   8
 41  93   9
 42  59   10
 42  52   1
 42  54   2
 42  75   3
 43  96   4
 43  86   5
 43  57   6
 43  77   7
 44  96   8
 44  66   9
 44  93   10
 45  82   1
 45  88   2
 46  49   3
 46  76   4
 46  74   5
 46  62   6
 47  65   7
 47  57   8
 48  97   9
 48  50   10
 48  68   1
 48  85   2
 48  89   3
 49  98   4
 49  53   5
 49  62   6
 50  56   7
 50  72   8
 51  68   9
 51  69   10
 51  75   1
 51  61   2
 52  81   3
 52  83   4
 52  89   5
 52  59   6
 53  66   7
 53  98   8
 53  95   9
 54  68   10
 54  76   1
 55  81   2
 55  95   3
 56  64   4
 56  75   5
 56  95   6
 57  84   7
 57  94   8
 58  92   9
 58  81   10
 58  67   1
 58  60   2
 58  62   3
 59  87   4
 59  78   5
 60  71   6
 60  88   7
 60  95   8
 61  80   9
 61  98   10
 62  65   1
 63  83   2
 63  84   3
 63  92   4
 64  90   5
 64  78   6
 65  80   7
 65  68   8
 66  98   9
 67  80   10
 67  69   1
 67  77   2
 68  79   3
 69  97   4
 69  87   5
 69  88   6
 69  79   7
 70  97   8
 70  79   9
 71  96   10
 71  86   1
 71  87   2
 72  85   3
 75  87   4
 76  80   5
 76  83   6
 77  81   7
 78  86   8
 78  95   9
 79  80   10
 81  85   1
 82  97   2
 82  91   3
 83  92   4
 85  96   5
 87  92   6
 88  89   7
 88  92   8
 91  93   9
 95  96   10
 